[gd_scene load_steps=44 format=3 uid="uid://cuy56wv5lqq48"]

[ext_resource type="PackedScene" path="res://objects/Gameplay/Common/HQ_PlayerSpawner.tscn" id="1_1k4ef"]
[ext_resource type="PackedScene" path="res://objects/Gameplay/Common/CombatArea.tscn" id="2_ix4yk"]
[ext_resource type="PackedScene" uid="uid://jv31so3xcr7p" path="res://addons/bf_portal/portal_tools/types/PolygonVolume/PolygonVolume.tscn" id="3_yy0n5"]
[ext_resource type="PackedScene" path="res://static/MP_FireStorm_Terrain.tscn" id="4_aew2y"]
[ext_resource type="PackedScene" path="res://static/MP_FireStorm_Assets.tscn" id="5_upthj"]
[ext_resource type="PackedScene" path="res://objects/entities/SpawnPoint.tscn" id="6_nhg3a"]
[ext_resource type="PackedScene" path="res://objects/Shared/Generic/Military/Props/BarrierConcreteWall_01_192x320.tscn" id="7_m0v6t"]
[ext_resource type="PackedScene" path="res://objects/Shared/Generic/Industrial/Props/Container_02_Open_D.tscn" id="8_pu7td"]
[ext_resource type="PackedScene" path="res://objects/Shared/Generic/Industrial/Props/Container_02_Door_B.tscn" id="9_ai355"]
[ext_resource type="PackedScene" path="res://objects/Shared/Generic/Industrial/Props/Container_02_Door_A.tscn" id="10_l25nw"]
[ext_resource type="PackedScene" path="res://objects/Turkmenistan/MP_FireStorm/Generic/Industrial/Props/Container_02_Closed_DDPF.tscn" id="11_b7fld"]
[ext_resource type="PackedScene" path="res://objects/Turkmenistan/MP_FireStorm/Uncategorized/ConcreteDebris_01.tscn" id="12_cbdqt"]
[ext_resource type="PackedScene" path="res://objects/Shared/Generic/Industrial/Architecture/ConstructionHangingTarps_01_D.tscn" id="13_7yrk5"]
[ext_resource type="PackedScene" path="res://objects/Shared/Generic/Military/Props/FencePerimeter_01_384.tscn" id="14_siihb"]
[ext_resource type="PackedScene" path="res://objects/Shared/Generic/Common/Props/Handcart_01.tscn" id="15_fph2l"]
[ext_resource type="PackedScene" path="res://objects/Global/Generic/Military/Props/SupplyCase_01_A.tscn" id="16_t3o00"]
[ext_resource type="PackedScene" path="res://objects/Shared/Generic/Common/Props/TrafficCones_01_B.tscn" id="17_sprw2"]
[ext_resource type="PackedScene" path="res://objects/Global/Generic/Military/Props/CrateAmmo_01_StackC.tscn" id="18_pj8tq"]
[ext_resource type="PackedScene" path="res://objects/Global/Props/BarriersPedestrian_01_B.tscn" id="19_gqwwf"]
[ext_resource type="PackedScene" path="res://objects/Shared/Generic/Common/Props/CardboardBox_02_D.tscn" id="20_s80fj"]
[ext_resource type="PackedScene" path="res://objects/Shared/Generic/Common/Props/CardboardBox_02_B.tscn" id="21_3f61h"]
[ext_resource type="PackedScene" path="res://objects/Shared/Generic/Common/Props/CardboardBox_02_A.tscn" id="22_5af42"]
[ext_resource type="PackedScene" path="res://objects/Shared/Generic/Common/Props/CardboardBox_02_E.tscn" id="23_je1c7"]
[ext_resource type="PackedScene" path="res://objects/Shared/Generic/Common/Props/CardboardBox_02_C.tscn" id="24_y6tft"]
[ext_resource type="PackedScene" path="res://objects/Turkmenistan/MP_FireStorm/Generic/Common/Architecture/CardboardBox_02_G.tscn" id="25_ri37q"]
[ext_resource type="PackedScene" path="res://objects/Turkmenistan/MP_FireStorm/Generic/Common/Architecture/PalletWoodenPile_01_A.tscn" id="26_cenpb"]
[ext_resource type="PackedScene" path="res://objects/Shared/Generic/Common/Props/BarrelOil_03.tscn" id="27_wlcrs"]
[ext_resource type="PackedScene" path="res://objects/Shared/Generic/Common/Props/TarpFloor_01_B.tscn" id="28_5d8k1"]
[ext_resource type="PackedScene" path="res://objects/Shared/Generic/Common/Props/TarpFloor_01_A.tscn" id="29_pauxm"]
[ext_resource type="PackedScene" path="res://objects/Shared/Generic/Industrial/Props/ContainerTarp_01.tscn" id="30_j5806"]
[ext_resource type="PackedScene" path="res://objects/Turkmenistan/MP_FireStorm/Nature/BrickPile_01.tscn" id="31_ulj7s"]
[ext_resource type="PackedScene" path="res://objects/Turkmenistan/MP_FireStorm/Uncategorized/ConcreteDebris.tscn" id="32_y2sec"]
[ext_resource type="PackedScene" path="res://objects/Shared/Generic/Industrial/Architecture/ConstructionHangingTarps_01_B_512x512.tscn" id="33_57owd"]
[ext_resource type="PackedScene" path="res://objects/Shared/Generic/Common/Props/FireExtinguisher_01.tscn" id="34_vfreb"]
[ext_resource type="PackedScene" path="res://objects/Shared/Generic/Common/Props/Forklift_01.tscn" id="35_jiq3g"]
[ext_resource type="PackedScene" path="res://objects/Global/Props/ShellCasings_02.tscn" id="36_sd86v"]
[ext_resource type="PackedScene" path="res://objects/Shared/Generic/Common/Props/PalletWooden_02.tscn" id="37_amf0i"]
[ext_resource type="PackedScene" path="res://objects/Shared/Generic/Industrial/Props/PalletBarrelDiesel_01_C.tscn" id="38_fksqo"]
[ext_resource type="PackedScene" path="res://objects/Global/Architecture/FiringRange_Floor_A.tscn" id="39_sq7gs"]
[ext_resource type="PackedScene" path="res://objects/Turkmenistan/MP_FireStorm/Generic/Military/Props/BarrierConcreteWall_01_Row2.tscn" id="40_5oap6"]
[ext_resource type="PackedScene" path="res://objects/Turkmenistan/MP_FireStorm/Generic/Industrial/Props/PalletBarrelDiesel_01_Sand.tscn" id="41_2bmh0"]
[ext_resource type="PackedScene" path="res://objects/Shared/Generic/Common/LightFixtures/LampPostStadium_01.tscn" id="42_4xpr0"]
[ext_resource type="PackedScene" path="res://objects/Shared/Generic/Industrial/Props/BarrierConstruction_01_256_120_B.tscn" id="43_7jh56"]

[node name="MP_FireStorm" type="Node3D"]

[node name="TEAM_1_HQ" parent="." node_paths=PackedStringArray("InfantrySpawns") instance=ExtResource("1_1k4ef")]
transform = Transform3D(-1, 0, 8.74228e-08, 0, 1, 0, -8.74228e-08, 0, -1, 11.8226, 131.339, -108.461)
ForceRedeploy = true
ObjId = 1
CameraLookAngle = -180
InfantrySpawns = [null, null, null, null]

[node name="TEAM_1_HQ2" parent="." node_paths=PackedStringArray("InfantrySpawns") instance=ExtResource("1_1k4ef")]
transform = Transform3D(-1, 0, 8.74228e-08, 0, 1, 0, -8.74228e-08, 0, -1, 11.8226, 131.339, -112.594)
ForceRedeploy = true
ObjId = 1
CameraLookAngle = -180
InfantrySpawns = [null, null, null, null]

[node name="TEAM_1_HQ3" parent="." node_paths=PackedStringArray("InfantrySpawns") instance=ExtResource("1_1k4ef")]
transform = Transform3D(1, 0, 0, 0, 1, 0, 0, 0, 1, 11.8226, 131.339, -129.273)
ForceRedeploy = true
ObjId = 1
CameraLookAngle = 0
InfantrySpawns = [null, null, null, null]

[node name="TEAM_1_HQ4" parent="." node_paths=PackedStringArray("InfantrySpawns") instance=ExtResource("1_1k4ef")]
transform = Transform3D(1, 0, 0, 0, 1, 0, 0, 0, 1, 11.7007, 131.366, -132.016)
ForceRedeploy = true
ObjId = 2
CameraLookAngle = 0
InfantrySpawns = [null, null, null, null]

[node name="TEAM_1_HQ5" parent="." node_paths=PackedStringArray("InfantrySpawns") instance=ExtResource("1_1k4ef")]
transform = Transform3D(1, 0, 0, 0, 1, 0, 0, 0, 1, 19.0103, 131.366, -136.545)
ForceRedeploy = true
ObjId = 2
InfantrySpawns = [null, null, null, null]

[node name="TEAM_1_HQ6" parent="." node_paths=PackedStringArray("InfantrySpawns") instance=ExtResource("1_1k4ef")]
transform = Transform3D(1, 0, 0, 0, 1, 0, 0, 0, 1, 2.18037, 131.366, -136.545)
ForceRedeploy = true
ObjId = 2
InfantrySpawns = [null, null, null, null]

[node name="TEAM_1_HQ7" parent="." node_paths=PackedStringArray("InfantrySpawns") instance=ExtResource("1_1k4ef")]
transform = Transform3D(1, 0, 0, 0, 1, 0, 0, 0, 1, -2.49253, 131.366, -129.194)
ForceRedeploy = true
ObjId = 2
InfantrySpawns = [null, null, null, null]

[node name="TEAM_1_HQ8" parent="." node_paths=PackedStringArray("InfantrySpawns") instance=ExtResource("1_1k4ef")]
transform = Transform3D(1, 0, 0, 0, 1, 0, 0, 0, 1, -2.23347, 131.366, -112.659)
ForceRedeploy = true
ObjId = 2
CameraLookAngle = 90
InfantrySpawns = [null, null, null, null]

[node name="TEAM_1_HQ9" parent="." node_paths=PackedStringArray("InfantrySpawns") instance=ExtResource("1_1k4ef")]
transform = Transform3D(1, 0, 0, 0, 1, 0, 0, 0, 1, 19.0103, 131.366, -104.88)
ForceRedeploy = true
ObjId = 2
CameraLookAngle = -180
InfantrySpawns = [null, null, null, null]

[node name="TEAM_1_HQ10" parent="." node_paths=PackedStringArray("InfantrySpawns") instance=ExtResource("1_1k4ef")]
transform = Transform3D(-4.37114e-08, 0, -1, 0, 1, 0, 1, 0, -4.37114e-08, 25.4885, 131.366, -112.731)
ForceRedeploy = true
ObjId = 2
CameraLookAngle = -90
InfantrySpawns = [null, null, null, null]

[node name="TEAM_1_HQ11" parent="." node_paths=PackedStringArray("InfantrySpawns") instance=ExtResource("1_1k4ef")]
transform = Transform3D(-4.37114e-08, 0, -1, 0, 1, 0, 1, 0, -4.37114e-08, 25.4885, 131.366, -127.091)
ForceRedeploy = true
ObjId = 2
CameraLookAngle = -90
InfantrySpawns = [null, null, null, null]

[node name="TEAM_1_HQ12" parent="." node_paths=PackedStringArray("InfantrySpawns") instance=ExtResource("1_1k4ef")]
transform = Transform3D(1, 0, 0, 0, 1, 0, 0, 0, 1, 4.69822, 131.366, -104.88)
ForceRedeploy = true
ObjId = 2
CameraLookAngle = -180
InfantrySpawns = [null, null, null, null]

[node name="TEAM_1_HQ13" parent="." node_paths=PackedStringArray("InfantrySpawns") instance=ExtResource("1_1k4ef")]
transform = Transform3D(-4.37114e-08, 0, -1, 0, 1, 0, 1, 0, -4.37114e-08, 20.761, 131.366, -120.293)
ForceRedeploy = true
ObjId = 2
CameraLookAngle = -90
InfantrySpawns = [null, null, null, null]

[node name="TEAM_1_HQ14" parent="." node_paths=PackedStringArray("InfantrySpawns") instance=ExtResource("1_1k4ef")]
transform = Transform3D(-4.37114e-08, 0, -1, 0, 1, 0, 1, 0, -4.37114e-08, 17.1569, 131.366, -120.062)
ForceRedeploy = true
ObjId = 2
CameraLookAngle = -90
InfantrySpawns = [null, null, null, null]

[node name="TEAM_1_HQ15" parent="." node_paths=PackedStringArray("InfantrySpawns") instance=ExtResource("1_1k4ef")]
transform = Transform3D(-4.37114e-08, 0, 1, 0, 1, 0, -1, 0, -4.37114e-08, 2.11342, 131.366, -120.83)
ForceRedeploy = true
ObjId = 2
CameraLookAngle = 90
InfantrySpawns = [null, null, null, null]

[node name="TEAM_1_HQ16" parent="." node_paths=PackedStringArray("InfantrySpawns") instance=ExtResource("1_1k4ef")]
transform = Transform3D(-4.37114e-08, 0, 1, 0, 1, 0, -1, 0, -4.37114e-08, 5.16236, 131.366, -120.83)
ForceRedeploy = true
ObjId = 2
CameraLookAngle = 90
InfantrySpawns = [null, null, null, null]

[node name="TEAM_1_HQ17" parent="." node_paths=PackedStringArray("InfantrySpawns") instance=ExtResource("1_1k4ef")]
transform = Transform3D(0.64086, 0, -0.767658, 0, 1, 0, 0.767658, 0, 0.64086, 25.9757, 131.366, -135.667)
ForceRedeploy = true
ObjId = 2
CameraLookAngle = -55
InfantrySpawns = [null, null, null, null]

[node name="TEAM_1_HQ18" parent="." node_paths=PackedStringArray("InfantrySpawns") instance=ExtResource("1_1k4ef")]
transform = Transform3D(0.64086, 0, -0.767658, 0, 1, 0, 0.767658, 0, 0.64086, -2.35555, 131.366, -104.391)
ForceRedeploy = true
ObjId = 2
CameraLookAngle = -50
InfantrySpawns = [null, null, null, null]

[node name="TEAM_1_HQ19" parent="." node_paths=PackedStringArray("InfantrySpawns") instance=ExtResource("1_1k4ef")]
transform = Transform3D(-0.731354, 0, -0.681998, 0, 1, 0, 0.681998, 0, -0.731354, 24.959, 131.366, -105.28)
ForceRedeploy = true
ObjId = 2
CameraLookAngle = -137
InfantrySpawns = [null, null, null, null]

[node name="TEAM_2_HQ20" parent="." node_paths=PackedStringArray("InfantrySpawns") instance=ExtResource("1_1k4ef")]
transform = Transform3D(-1, 0, 8.74228e-08, 0, 1, 0, -8.74228e-08, 0, -1, 11.8226, 131.339, -108.461)
Team = 2
AltTeam = 1
ForceRedeploy = true
ObjId = 1
CameraLookAngle = -180
InfantrySpawns = [null, null, null, null]

[node name="TEAM_2_HQ21" parent="." node_paths=PackedStringArray("InfantrySpawns") instance=ExtResource("1_1k4ef")]
transform = Transform3D(-1, 0, 8.74228e-08, 0, 1, 0, -8.74228e-08, 0, -1, 11.8226, 131.339, -112.594)
Team = 2
AltTeam = 1
ForceRedeploy = true
ObjId = 1
CameraLookAngle = -180
InfantrySpawns = [null, null, null, null]

[node name="TEAM_2_HQ22" parent="." node_paths=PackedStringArray("InfantrySpawns") instance=ExtResource("1_1k4ef")]
transform = Transform3D(1, 0, 0, 0, 1, 0, 0, 0, 1, 11.8226, 131.339, -129.273)
Team = 2
AltTeam = 1
ForceRedeploy = true
ObjId = 1
CameraLookAngle = 0
InfantrySpawns = [null, null, null, null]

[node name="TEAM_2_HQ23" parent="." node_paths=PackedStringArray("InfantrySpawns") instance=ExtResource("1_1k4ef")]
transform = Transform3D(1, 0, 0, 0, 1, 0, 0, 0, 1, 11.7007, 131.366, -132.016)
Team = 2
AltTeam = 1
ForceRedeploy = true
ObjId = 2
CameraLookAngle = 0
InfantrySpawns = [null, null, null, null]

[node name="TEAM_2_HQ24" parent="." node_paths=PackedStringArray("InfantrySpawns") instance=ExtResource("1_1k4ef")]
transform = Transform3D(1, 0, 0, 0, 1, 0, 0, 0, 1, 19.0103, 131.366, -136.545)
Team = 2
AltTeam = 1
ForceRedeploy = true
ObjId = 2
InfantrySpawns = [null, null, null, null]

[node name="TEAM_2_HQ25" parent="." node_paths=PackedStringArray("InfantrySpawns") instance=ExtResource("1_1k4ef")]
transform = Transform3D(1, 0, 0, 0, 1, 0, 0, 0, 1, 2.18037, 131.366, -136.545)
Team = 2
AltTeam = 1
ForceRedeploy = true
ObjId = 2
InfantrySpawns = [null, null, null, null]

[node name="TEAM_2_HQ26" parent="." node_paths=PackedStringArray("InfantrySpawns") instance=ExtResource("1_1k4ef")]
transform = Transform3D(1, 0, 0, 0, 1, 0, 0, 0, 1, -2.49253, 131.366, -129.194)
Team = 2
AltTeam = 1
ForceRedeploy = true
ObjId = 2
InfantrySpawns = [null, null, null, null]

[node name="TEAM_2_HQ27" parent="." node_paths=PackedStringArray("InfantrySpawns") instance=ExtResource("1_1k4ef")]
transform = Transform3D(1, 0, 0, 0, 1, 0, 0, 0, 1, -2.23347, 131.366, -112.659)
Team = 2
AltTeam = 1
ForceRedeploy = true
ObjId = 2
CameraLookAngle = 90
InfantrySpawns = [null, null, null, null]

[node name="TEAM_2_HQ28" parent="." node_paths=PackedStringArray("InfantrySpawns") instance=ExtResource("1_1k4ef")]
transform = Transform3D(1, 0, 0, 0, 1, 0, 0, 0, 1, 19.0103, 131.366, -104.88)
Team = 2
AltTeam = 1
ForceRedeploy = true
ObjId = 2
CameraLookAngle = -180
InfantrySpawns = [null, null, null, null]

[node name="TEAM_2_HQ29" parent="." node_paths=PackedStringArray("InfantrySpawns") instance=ExtResource("1_1k4ef")]
transform = Transform3D(-4.37114e-08, 0, -1, 0, 1, 0, 1, 0, -4.37114e-08, 25.4885, 131.366, -112.731)
Team = 2
AltTeam = 1
ForceRedeploy = true
ObjId = 2
CameraLookAngle = -90
InfantrySpawns = [null, null, null, null]

[node name="TEAM_2_HQ30" parent="." node_paths=PackedStringArray("InfantrySpawns") instance=ExtResource("1_1k4ef")]
transform = Transform3D(-4.37114e-08, 0, -1, 0, 1, 0, 1, 0, -4.37114e-08, 25.4885, 131.366, -127.091)
Team = 2
AltTeam = 1
ForceRedeploy = true
ObjId = 2
CameraLookAngle = -90
InfantrySpawns = [null, null, null, null]

[node name="TEAM_2_HQ31" parent="." node_paths=PackedStringArray("InfantrySpawns") instance=ExtResource("1_1k4ef")]
transform = Transform3D(1, 0, 0, 0, 1, 0, 0, 0, 1, 4.69822, 131.366, -104.88)
Team = 2
AltTeam = 1
ForceRedeploy = true
ObjId = 2
CameraLookAngle = -180
InfantrySpawns = [null, null, null, null]

[node name="TEAM_2_HQ32" parent="." node_paths=PackedStringArray("InfantrySpawns") instance=ExtResource("1_1k4ef")]
transform = Transform3D(-4.37114e-08, 0, -1, 0, 1, 0, 1, 0, -4.37114e-08, 20.761, 131.366, -120.293)
Team = 2
AltTeam = 1
ForceRedeploy = true
ObjId = 2
CameraLookAngle = -90
InfantrySpawns = [null, null, null, null]

[node name="TEAM_2_HQ33" parent="." node_paths=PackedStringArray("InfantrySpawns") instance=ExtResource("1_1k4ef")]
transform = Transform3D(-4.37114e-08, 0, -1, 0, 1, 0, 1, 0, -4.37114e-08, 17.1569, 131.366, -120.062)
Team = 2
AltTeam = 1
ForceRedeploy = true
ObjId = 2
CameraLookAngle = -90
InfantrySpawns = [null, null, null, null]

[node name="TEAM_2_HQ34" parent="." node_paths=PackedStringArray("InfantrySpawns") instance=ExtResource("1_1k4ef")]
transform = Transform3D(-4.37114e-08, 0, 1, 0, 1, 0, -1, 0, -4.37114e-08, 2.11342, 131.366, -120.83)
Team = 2
AltTeam = 1
ForceRedeploy = true
ObjId = 2
CameraLookAngle = 90
InfantrySpawns = [null, null, null, null]

[node name="TEAM_2_HQ35" parent="." node_paths=PackedStringArray("InfantrySpawns") instance=ExtResource("1_1k4ef")]
transform = Transform3D(-4.37114e-08, 0, 1, 0, 1, 0, -1, 0, -4.37114e-08, 5.16236, 131.366, -120.83)
Team = 2
AltTeam = 1
ForceRedeploy = true
ObjId = 2
CameraLookAngle = 90
InfantrySpawns = [null, null, null, null]

[node name="TEAM_2_HQ36" parent="." node_paths=PackedStringArray("InfantrySpawns") instance=ExtResource("1_1k4ef")]
transform = Transform3D(0.64086, 0, -0.767658, 0, 1, 0, 0.767658, 0, 0.64086, 25.9757, 131.366, -135.667)
Team = 2
AltTeam = 1
ForceRedeploy = true
ObjId = 2
CameraLookAngle = -55
InfantrySpawns = [null, null, null, null]

[node name="TEAM_2_HQ37" parent="." node_paths=PackedStringArray("InfantrySpawns") instance=ExtResource("1_1k4ef")]
transform = Transform3D(0.64086, 0, -0.767658, 0, 1, 0, 0.767658, 0, 0.64086, -2.35555, 131.366, -104.391)
Team = 2
AltTeam = 1
ForceRedeploy = true
ObjId = 2
CameraLookAngle = -50
InfantrySpawns = [null, null, null, null]

[node name="TEAM_2_HQ38" parent="." node_paths=PackedStringArray("InfantrySpawns") instance=ExtResource("1_1k4ef")]
transform = Transform3D(-0.731354, 0, -0.681998, 0, 1, 0, 0.681998, 0, -0.731354, 24.959, 131.366, -105.28)
Team = 2
AltTeam = 1
ForceRedeploy = true
ObjId = 2
CameraLookAngle = -137
InfantrySpawns = [null, null, null, null]

[node name="CombatArea" parent="." node_paths=PackedStringArray("CombatVolume") instance=ExtResource("2_ix4yk")]
transform = Transform3D(1, 0, 0, 0, 1, 0, 0, 0, 1, -58.2441, 93.4144, 34.2265)
visible = false
CombatVolume = NodePath("CollisionPolygon3D")

[node name="CollisionPolygon3D" parent="CombatArea" instance=ExtResource("3_yy0n5")]
transform = Transform3D(1, 0, 0, 0, 1, 0, 0, 0, 1, 163.916, 7.20464, -100.438)
points = PackedVector2Array(-112.129, -34.1731, -76.1653, -33.932, -76.2658, -73.6034, -111.987, -73.7445)
height = 100.0

[node name="Static" type="Node3D" parent="."]

[node name="MP_FireStorm_Terrain" parent="Static" instance=ExtResource("4_aew2y")]

[node name="MP_FireStorm_Assets" parent="Static" instance=ExtResource("5_upthj")]

[node name="SpawnPoint" parent="Static" instance=ExtResource("6_nhg3a")]
transform = Transform3D(-0.767881, 0, 0.640592, 0, 1, 0, -0.640592, 0, -0.767881, -4.61541, 131.336, -102.096)

[node name="SpawnPoint2" parent="Static" instance=ExtResource("6_nhg3a")]
transform = Transform3D(-0.731342, 0, -0.682011, 0, 1, 0, 0.682011, 0, -0.731342, 27.7122, 131.336, -102.11)

[node name="shipment" type="Node3D" parent="."]
transform = Transform3D(1, 0, 0, 0, 1, 0, 0, 0, 1, 16.801, 131.312, -117.946)

[node name="assets" type="Node3D" parent="shipment"]
transform = Transform3D(1, 0, 0, 0, 1, 0, 0, 0, 1, 85.2888, -133.162, 255.724)

[node name="BarrierConcreteWall_01_192x321" parent="shipment/assets" instance=ExtResource("7_m0v6t")]
transform = Transform3D(-4.37114e-08, 0, -1, 0, 1, 0, 1, 0, -4.37114e-08, -108.307, 133.172, -239.862)

[node name="Container_02_Open_D2" parent="shipment/assets" instance=ExtResource("8_pu7td")]
transform = Transform3D(1, 0, 0, 0, 1, 0, 0, 0, 1, -75.8189, 133.172, -261.804)
metadata/_edit_group_ = true

[node name="Container_02_Door_B3" parent="shipment/assets" instance=ExtResource("9_ai355")]
transform = Transform3D(0.566478, 0, -0.824076, 0, 1, 0, 0.824076, 0, 0.566478, -75.7316, 133.24, -261.74)
metadata/_edit_group_ = true

[node name="Container_02_Door_A3" parent="shipment/assets" instance=ExtResource("10_l25nw")]
transform = Transform3D(0.213627, 0, 0.976915, 0, 1, 0, -0.976915, 0, 0.213627, -73.281, 133.254, -261.769)
metadata/_edit_group_ = true

[node name="Container_02_Door_B4" parent="shipment/assets" instance=ExtResource("9_ai355")]
transform = Transform3D(-0.0151316, 0, 0.999886, 0, 1, 0, -0.999886, 0, -0.0151316, -73.281, 133.24, -254.676)
metadata/_edit_group_ = true

[node name="Container_02_Door_A4" parent="shipment/assets" instance=ExtResource("10_l25nw")]
transform = Transform3D(-0.878409, 0, -0.47791, 0, 1, 0, 0.47791, 0, -0.878409, -75.7316, 133.254, -254.647)
metadata/_edit_group_ = true

[node name="Container_02_Open_D6" parent="shipment/assets" instance=ExtResource("8_pu7td")]
transform = Transform3D(0.0300676, 0, 0.999548, 0, 1, 0, -0.999548, 0, 0.0300676, -93.4596, 133.172, -238.868)
metadata/_edit_group_ = true

[node name="Container_02_Door_B11" parent="shipment/assets" instance=ExtResource("9_ai355")]
transform = Transform3D(-0.0221636, 0, -0.999754, 0, 1, 0, 0.999754, 0, -0.0221636, -93.3929, 133.24, -238.953)
metadata/_edit_group_ = true

[node name="Container_02_Door_A11" parent="shipment/assets" instance=ExtResource("10_l25nw")]
transform = Transform3D(-0.00886574, 0, -0.999961, 0, 1, 0, 0.999961, 0, -0.00886574, -93.3482, 133.254, -241.403)
metadata/_edit_group_ = true

[node name="Container_02_Door_B12" parent="shipment/assets" instance=ExtResource("9_ai355")]
transform = Transform3D(-0.489215, 0, -0.872163, 0, 1, 0, 0.872163, 0, -0.489215, -86.2585, 133.24, -241.19)
metadata/_edit_group_ = true

[node name="Container_02_Door_A12" parent="shipment/assets" instance=ExtResource("10_l25nw")]
transform = Transform3D(0.922619, 0, -0.385713, 0, 1, 0, 0.385713, 0, 0.922619, -86.3031, 133.254, -238.74)
metadata/_edit_group_ = true

[node name="Container_02_Open_D7" parent="shipment/assets" instance=ExtResource("8_pu7td")]
transform = Transform3D(-0.999887, 0, 0.0150093, 0, 1, 0, -0.0150093, 0, -0.999887, -85.9541, 133.172, -248.67)
metadata/_edit_group_ = true

[node name="Container_02_Door_B13" parent="shipment/assets" instance=ExtResource("9_ai355")]
transform = Transform3D(0.999974, 0, -0.00710311, 0, 1, 0, 0.00710311, 0, 0.999974, -86.0401, 133.24, -248.736)
metadata/_edit_group_ = true

[node name="Container_02_Door_A13" parent="shipment/assets" instance=ExtResource("10_l25nw")]
transform = Transform3D(0.999981, 0, 0.00619633, 0, 1, 0, -0.00619633, 0, 0.999981, -88.4905, 133.254, -248.743)
metadata/_edit_group_ = true

[node name="Container_02_Door_B14" parent="shipment/assets" instance=ExtResource("9_ai355")]
transform = Transform3D(0.241515, 0, 0.970397, 0, 1, 0, -0.970397, 0, 0.241515, -88.3843, 133.24, -255.836)
metadata/_edit_group_ = true

[node name="Container_02_Door_A14" parent="shipment/assets" instance=ExtResource("10_l25nw")]
transform = Transform3D(0.997918, 0, 0.0644974, 0, 1, 0, -0.0644974, 0, 0.997918, -85.9339, 133.254, -255.828)
metadata/_edit_group_ = true

[node name="Container_02_Open_D5" parent="shipment/assets" instance=ExtResource("8_pu7td")]
transform = Transform3D(0.00874397, 0, -0.999962, 0, 1, 0, 0.999962, 0, 0.00874397, -87.5012, 133.172, -274.458)
metadata/_edit_group_ = true

[node name="Container_02_Door_B9" parent="shipment/assets" instance=ExtResource("9_ai355")]
transform = Transform3D(-0.0469147, 0, 0.998899, 0, 1, 0, -0.998899, 0, -0.0469147, -87.5645, 133.24, -274.37)
metadata/_edit_group_ = true

[node name="Container_02_Door_A9" parent="shipment/assets" instance=ExtResource("10_l25nw")]
transform = Transform3D(-0.00876173, 0, 0.999962, 0, 1, 0, -0.999962, 0, -0.00876173, -87.5141, 133.254, -271.92)
metadata/_edit_group_ = true

[node name="Container_02_Door_B10" parent="shipment/assets" instance=ExtResource("9_ai355")]
transform = Transform3D(0.848916, 0, 0.528528, 0, 1, 0, -0.528528, 0, 0.848916, -94.6068, 133.24, -271.858)
metadata/_edit_group_ = true

[node name="Container_02_Door_A10" parent="shipment/assets" instance=ExtResource("10_l25nw")]
transform = Transform3D(-0.694294, 0, 0.719692, 0, 1, 0, -0.719692, 0, -0.694294, -94.6572, 133.254, -274.308)
metadata/_edit_group_ = true

[node name="Container_02_Open_D4" parent="shipment/assets" instance=ExtResource("8_pu7td")]
transform = Transform3D(0.999312, 0, -0.0370797, 0, 1, 0, 0.0370797, 0, 0.999312, -107.585, 133.172, -262.224)
metadata/_edit_group_ = true

[node name="Container_02_Door_B7" parent="shipment/assets" instance=ExtResource("9_ai355")]
transform = Transform3D(-0.401468, 0, -0.915874, 0, 1, 0, 0.915874, 0, -0.401468, -107.501, 133.24, -262.157)
metadata/_edit_group_ = true

[node name="Container_02_Door_A7" parent="shipment/assets" instance=ExtResource("10_l25nw")]
transform = Transform3D(0.914847, 0, 0.403801, 0, 1, 0, -0.403801, 0, 0.914847, -105.051, 133.254, -262.095)
metadata/_edit_group_ = true

[node name="Container_02_Door_B8" parent="shipment/assets" instance=ExtResource("9_ai355")]
transform = Transform3D(-0.557817, 0, 0.829963, 0, 1, 0, -0.829963, 0, -0.557817, -105.314, 133.24, -255.007)
metadata/_edit_group_ = true

[node name="Container_02_Door_A8" parent="shipment/assets" instance=ExtResource("10_l25nw")]
transform = Transform3D(0.325997, 0, -0.945371, 0, 1, 0, 0.945371, 0, 0.325997, -107.764, 133.254, -255.069)
metadata/_edit_group_ = true

[node name="Container_02_Open_D3" parent="shipment/assets" instance=ExtResource("8_pu7td")]
transform = Transform3D(0.999902, 0, -0.0139971, 0, 1, 0, 0.0139971, 0, 0.999902, -94.5659, 135.726, -268.162)
metadata/_edit_group_ = true

[node name="Container_02_Door_B5" parent="shipment/assets" instance=ExtResource("9_ai355")]
transform = Transform3D(0.904232, 0, -0.427041, 0, 1, 0, 0.427041, 0, 0.904232, -94.4795, 135.794, -268.097)
metadata/_edit_group_ = true

[node name="Container_02_Door_A5" parent="shipment/assets" instance=ExtResource("10_l25nw")]
transform = Transform3D(-0.999892, 0, 0.0147126, 0, 1, 0, -0.0147126, 0, -0.999892, -92.0287, 135.808, -268.092)
metadata/_edit_group_ = true

[node name="Container_02_Door_B6" parent="shipment/assets" instance=ExtResource("9_ai355")]
transform = Transform3D(-0.740147, 0, 0.672444, 0, 1, 0, -0.672444, 0, -0.740147, -92.1495, 135.794, -261)
metadata/_edit_group_ = true

[node name="Container_02_Door_A6" parent="shipment/assets" instance=ExtResource("10_l25nw")]
transform = Transform3D(-0.139363, 0, -0.990241, 0, 1, 0, 0.990241, 0, -0.139363, -94.6002, 135.808, -261.005)
metadata/_edit_group_ = true

[node name="container+doors" type="Node3D" parent="shipment/assets"]

[node name="Container_02_Closed_DDPF7" parent="shipment/assets" instance=ExtResource("11_b7fld")]
transform = Transform3D(0.997708, 0, -0.067667, 0, 1, 0, 0.067667, 0, 0.997708, -78.5028, 133.174, -261.916)

[node name="Container_02_Closed_DDPF40" parent="shipment/assets" instance=ExtResource("11_b7fld")]
transform = Transform3D(0.0510636, 0, 0.998695, 0, 1, 0, -0.998695, 0, 0.0510636, -93.6193, 133.174, -241.737)

[node name="Container_02_Closed_DDPF39" parent="shipment/assets" instance=ExtResource("11_b7fld")]
transform = Transform3D(-0.0109604, 0, -0.99994, 0, 1, 0, 0.99994, 0, -0.0109604, -87.356, 133.174, -277.049)

[node name="Container_02_Closed_DDPF18" parent="shipment/assets" instance=ExtResource("11_b7fld")]
transform = Transform3D(0.999445, 0, -0.0333122, 0, 1, 0, 0.0333122, 0, 0.999445, -85.7736, 133.174, -267.611)

[node name="Container_02_Closed_DDPF19" parent="shipment/assets" instance=ExtResource("11_b7fld")]
transform = Transform3D(0.999794, 0, -0.0202968, 0, 1, 0, 0.0202968, 0, 0.999794, -85.8281, 135.756, -267.613)

[node name="Container_02_Closed_DDPF20" parent="shipment/assets" instance=ExtResource("11_b7fld")]
transform = Transform3D(0.99999, 0, -0.00448551, 0, 1, 0, 0.00448551, 0, 0.99999, -88.6109, 133.174, -267.813)

[node name="Container_02_Closed_DDPF22" parent="shipment/assets" instance=ExtResource("11_b7fld")]
transform = Transform3D(0.999831, 0, 0.0183598, 0, 1, 0, -0.0183598, 0, 0.999831, -95.3747, 133.174, -268.039)

[node name="Container_02_Closed_DDPF23" parent="shipment/assets" instance=ExtResource("11_b7fld")]
transform = Transform3D(0.999964, 0, -0.00853456, 0, 1, 0, 0.00853456, 0, 0.999964, -98.0441, 133.174, -267.978)

[node name="Container_02_Closed_DDPF35" parent="shipment/assets" instance=ExtResource("11_b7fld")]
transform = Transform3D(0.997989, 0, -0.0633828, 0, 1, 0, 0.0633828, 0, 0.997989, -104.697, 133.174, -262.017)

[node name="Container_02_Closed_DDPF36" parent="shipment/assets" instance=ExtResource("11_b7fld")]
transform = Transform3D(0.99802, 0, 0.062895, 0, 1, 0, -0.062895, 0, 0.99802, -105.2, 135.744, -262.057)

[node name="Container_02_Closed_DDPF37" parent="shipment/assets" instance=ExtResource("11_b7fld")]
transform = Transform3D(0.99802, 0, 0.062895, 0, 1, 0, -0.062895, 0, 0.99802, -107.897, 135.744, -262.384)

[node name="Container_02_Closed_DDPF38" parent="shipment/assets" instance=ExtResource("11_b7fld")]
transform = Transform3D(0.999992, 0, -0.00408407, 0, 1, 0, 0.00408407, 0, 0.999992, -107.695, 138.318, -262.384)

[node name="Container_02_Closed_DDPF24" parent="shipment/assets" instance=ExtResource("11_b7fld")]
transform = Transform3D(0.998594, 0, -0.0530157, 0, 1, 0, 0.0530157, 0, 0.998594, -97.6951, 135.747, -268.139)

[node name="Container_02_Closed_DDPF26" parent="shipment/assets" instance=ExtResource("11_b7fld")]
transform = Transform3D(0.999994, 0, 0.00336848, 0, 1, 0, -0.00336848, 0, 0.999994, -98.0441, 133.174, -255.792)

[node name="Container_02_Closed_DDPF27" parent="shipment/assets" instance=ExtResource("11_b7fld")]
transform = Transform3D(0.999838, 0, -0.0180283, 0, 1, 0, 0.0180283, 0, 0.999838, -98.0027, 135.747, -255.953)

[node name="Container_02_Closed_DDPF28" parent="shipment/assets" instance=ExtResource("11_b7fld")]
transform = Transform3D(0.999994, 0, 0.00336848, 0, 1, 0, -0.00336848, 0, 0.999994, -95.3083, 133.174, -255.792)

[node name="Container_02_Closed_DDPF31" parent="shipment/assets" instance=ExtResource("11_b7fld")]
transform = Transform3D(0.999994, 0, 0.00336848, 0, 1, 0, -0.00336848, 0, 0.999994, -85.8473, 133.174, -255.791)

[node name="Container_02_Closed_DDPF29" parent="shipment/assets" instance=ExtResource("11_b7fld")]
transform = Transform3D(0.999711, 0, 0.0240483, 0, 1, 0, -0.0240483, 0, 0.999711, -95.3789, 135.747, -255.908)

[node name="Container_02_Closed_DDPF32" parent="shipment/assets" instance=ExtResource("11_b7fld")]
transform = Transform3D(0.999996, 0, 0.00301943, 0, 1, 0, -0.00301943, 0, 0.999996, -98.0027, 138.329, -255.953)

[node name="Container_02_Closed_DDPF33" parent="shipment/assets" instance=ExtResource("11_b7fld")]
transform = Transform3D(0.999939, 0, -0.0110478, 0, 1, 0, 0.0110478, 0, 0.999939, -95.3242, 138.329, -256.012)

[node name="Container_02_Closed_DDPF25" parent="shipment/assets" instance=ExtResource("11_b7fld")]
transform = Transform3D(0.998594, 0, -0.0530157, 0, 1, 0, 0.0530157, 0, 0.998594, -94.9322, 138.312, -268.404)

[node name="Container_02_Closed_DDPF21" parent="shipment/assets" instance=ExtResource("11_b7fld")]
transform = Transform3D(0.999979, 0, 0.00656242, 0, 1, 0, -0.00656242, 0, 0.999979, -88.6566, 135.756, -267.722)

[node name="Container_02_Closed_DDPF2" parent="shipment/assets" instance=ExtResource("11_b7fld")]
transform = Transform3D(0.999953, 0, -0.00966897, 0, 1, 0, 0.00966897, 0, 0.999953, -72.8993, 133.174, -272.704)

[node name="Container_02_Closed_DDPF3" parent="shipment/assets" instance=ExtResource("11_b7fld")]
transform = Transform3D(0.99988, 0, 0.0154979, 0, 1, 0, -0.0154979, 0, 0.99988, -72.8993, 133.174, -265.28)

[node name="Container_02_Closed_DDPF4" parent="shipment/assets" instance=ExtResource("11_b7fld")]
transform = Transform3D(0.999908, 0, -0.0135782, 0, 1, 0, 0.0135782, 0, 0.999908, -72.9383, 133.174, -258.129)

[node name="Container_02_Closed_DDPF5" parent="shipment/assets" instance=ExtResource("11_b7fld")]
transform = Transform3D(0.999938, 0, 0.0111699, 0, 1, 0, -0.0111699, 0, 0.999938, -72.9383, 133.174, -250.867)

[node name="Container_02_Closed_DDPF6" parent="shipment/assets" instance=ExtResource("11_b7fld")]
transform = Transform3D(0.999938, 0, 0.0111699, 0, 1, 0, -0.0111699, 0, 0.999938, -72.9383, 133.174, -243.538)

[node name="Container_02_Closed_DDPF8" parent="shipment/assets" instance=ExtResource("11_b7fld")]
transform = Transform3D(-0.999995, 0, 0.00308932, 0, 1, 0, -0.00308932, 0, -0.999995, -70.2583, 135.757, -236.362)

[node name="Container_02_Closed_DDPF9" parent="shipment/assets" instance=ExtResource("11_b7fld")]
transform = Transform3D(-0.999756, 0, -0.0220765, 0, 1, 0, 0.0220765, 0, -0.999756, -70.3073, 135.757, -243.786)

[node name="Container_02_Closed_DDPF10" parent="shipment/assets" instance=ExtResource("11_b7fld")]
transform = Transform3D(-0.999976, 0, 0.00699879, 0, 1, 0, -0.00699879, 0, -0.999976, -70.3153, 135.757, -251.042)

[node name="Container_02_Closed_DDPF11" parent="shipment/assets" instance=ExtResource("11_b7fld")]
transform = Transform3D(-0.999842, 0, -0.017749, 0, 1, 0, 0.017749, 0, -0.999842, -70.3633, 135.757, -258.199)

[node name="Container_02_Closed_DDPF12" parent="shipment/assets" instance=ExtResource("11_b7fld")]
transform = Transform3D(-0.999842, 0, -0.017749, 0, 1, 0, 0.017749, 0, -0.999842, -70.4113, 135.757, -265.527)

[node name="Container_02_Closed_DDPF30" parent="shipment/assets" instance=ExtResource("11_b7fld")]
transform = Transform3D(0.999938, 0, 0.0111699, 0, 1, 0, -0.0111699, 0, 0.999938, -72.9383, 133.174, -279.878)

[node name="Container_02_Closed_DDPF34" parent="shipment/assets" instance=ExtResource("11_b7fld")]
transform = Transform3D(-0.999995, 0, 0.00308932, 0, 1, 0, -0.00308932, 0, -0.999995, -70.2583, 135.757, -272.798)

[node name="Container_02_Closed_DDPF41" parent="shipment/assets" instance=ExtResource("11_b7fld")]
transform = Transform3D(-0.999375, 0, 0.0353531, 0, 1, 0, -0.0353531, 0, -0.999375, -70.3383, 138.339, -272.911)

[node name="Container_02_Closed_DDPF15" parent="shipment/assets" instance=ExtResource("11_b7fld")]
transform = Transform3D(-0.999976, 0, 0.00699879, 0, 1, 0, -0.00699879, 0, -0.999976, -70.3153, 138.339, -250.963)

[node name="Container_02_Closed_DDPF16" parent="shipment/assets" instance=ExtResource("11_b7fld")]
transform = Transform3D(-0.999985, 0, 0.00551529, 0, 1, 0, -0.00551529, 0, -0.999985, -70.4433, 138.339, -258.356)

[node name="Container_02_Closed_DDPF17" parent="shipment/assets" instance=ExtResource("11_b7fld")]
transform = Transform3D(-0.999985, 0, -0.00554999, 0, 1, 0, 0.00554999, 0, -0.999985, -70.4073, 138.339, -265.685)

[node name="ConcreteDebris_03" parent="shipment/assets" instance=ExtResource("12_cbdqt")]
transform = Transform3D(1, 0, 0, 0, 1, 0, 0, 0, 1, -83.1325, 133.164, -243.017)

[node name="ConcreteDebris_04" parent="shipment/assets" instance=ExtResource("12_cbdqt")]
transform = Transform3D(1, 0, 0, 0, 1, 0, 0, 0, 1, -81.8415, 133.164, -259.119)

[node name="ConcreteDebris_05" parent="shipment/assets" instance=ExtResource("12_cbdqt")]
transform = Transform3D(1, 0, 0, 0, 1, 0, 0, 0, 1, -78.4373, 133.164, -247.988)

[node name="ConcreteDebris_06" parent="shipment/assets" instance=ExtResource("12_cbdqt")]
transform = Transform3D(1, 0, 0, 0, 1, 0, 0, 0, 1, -79.9146, 133.164, -261.695)

[node name="ConcreteDebris_13" parent="shipment/assets" instance=ExtResource("12_cbdqt")]
transform = Transform3D(-0.395674, 0, 0.918391, 0, 1, 0, -0.918391, 0, -0.395674, -79.3139, 133.164, -251.012)

[node name="ConcreteDebris_14" parent="shipment/assets" instance=ExtResource("12_cbdqt")]
transform = Transform3D(-0.395674, 0, 0.918391, 0, 1, 0, -0.918391, 0, -0.395674, -82.4422, 133.164, -251.763)

[node name="ConcreteDebris_15" parent="shipment/assets" instance=ExtResource("12_cbdqt")]
transform = Transform3D(-0.922066, 0, 0.387033, 0, 1, 0, -0.387033, 0, -0.922066, -82.1611, 133.164, -249.055)

[node name="ConcreteDebris_16" parent="shipment/assets" instance=ExtResource("12_cbdqt")]
transform = Transform3D(-0.922066, 0, 0.387033, 0, 1, 0, -0.387033, 0, -0.922066, -84.9348, 133.164, -244.86)

[node name="ConcreteDebris_17" parent="shipment/assets" instance=ExtResource("12_cbdqt")]
transform = Transform3D(0.0921795, 0, 0.995742, 0, 1, 0, -0.995742, 0, 0.0921795, -98.1338, 133.164, -244.597)

[node name="ConcreteDebris_18" parent="shipment/assets" instance=ExtResource("12_cbdqt")]
transform = Transform3D(0.0921795, 0, 0.995742, 0, 1, 0, -0.995742, 0, 0.0921795, -100.521, 133.164, -246.753)

[node name="ConcreteDebris_19" parent="shipment/assets" instance=ExtResource("12_cbdqt")]
transform = Transform3D(0.0921795, 0, 0.995742, 0, 1, 0, -0.995742, 0, 0.0921795, -100.997, 133.164, -249.375)

[node name="ConcreteDebris_20" parent="shipment/assets" instance=ExtResource("12_cbdqt")]
transform = Transform3D(0.0921795, 0, 0.995742, 0, 1, 0, -0.995742, 0, 0.0921795, -103.384, 133.164, -248.834)

[node name="ConcreteDebris_21" parent="shipment/assets" instance=ExtResource("12_cbdqt")]
transform = Transform3D(-0.991463, 0, -0.130388, 0, 1, 0, 0.130388, 0, -0.991463, -100.112, 133.164, -255.443)

[node name="ConcreteDebris_22" parent="shipment/assets" instance=ExtResource("12_cbdqt")]
transform = Transform3D(-0.991463, 0, -0.130388, 0, 1, 0, 0.130388, 0, -0.991463, -101.687, 133.164, -252.638)

[node name="ConcreteDebris_07" parent="shipment/assets" instance=ExtResource("12_cbdqt")]
transform = Transform3D(1, 0, 0, 0, 1, 0, 0, 0, 1, -78.0836, 133.164, -271.258)

[node name="ConcreteDebris_08" parent="shipment/assets" instance=ExtResource("12_cbdqt")]
transform = Transform3D(1, 0, 0, 0, 1, 0, 0, 0, 1, -86.8709, 133.164, -278.174)

[node name="ConcreteDebris_09" parent="shipment/assets" instance=ExtResource("12_cbdqt")]
transform = Transform3D(1, 0, 0, 0, 1, 0, 0, 0, 1, -97.1916, 133.164, -265.328)

[node name="ConcreteDebris_10" parent="shipment/assets" instance=ExtResource("12_cbdqt")]
transform = Transform3D(1, 0, 0, 0, 1, 0, 0, 0, 1, -105.693, 133.164, -261.647)

[node name="ConcreteDebris_11" parent="shipment/assets" instance=ExtResource("12_cbdqt")]
transform = Transform3D(0.456151, 0, -0.889902, 0, 1, 0, 0.889902, 0, 0.456151, -101.627, 133.164, -267.926)

[node name="ConcreteDebris_26" parent="shipment/assets" instance=ExtResource("12_cbdqt")]
transform = Transform3D(0.996528, 0, 0.0832605, 0, 1, 0, -0.0832605, 0, 0.996528, -98.5331, 133.164, -271.33)

[node name="ConcreteDebris_27" parent="shipment/assets" instance=ExtResource("12_cbdqt")]
transform = Transform3D(1, 0, 0, 0, 1, 0, 0, 0, 1, -99.5647, 133.164, -274.076)

[node name="ConcreteDebris_23" parent="shipment/assets" instance=ExtResource("12_cbdqt")]
transform = Transform3D(0.50213, 0, -0.864792, 0, 1, 0, 0.864792, 0, 0.50213, -103.872, 133.164, -264.554)

[node name="ConcreteDebris_24" parent="shipment/assets" instance=ExtResource("12_cbdqt")]
transform = Transform3D(0.963854, 0, 0.266431, 0, 1, 0, -0.266431, 0, 0.963854, -100.813, 133.164, -265.48)

[node name="ConcreteDebris_25" parent="shipment/assets" instance=ExtResource("12_cbdqt")]
transform = Transform3D(0.963854, 0, 0.266431, 0, 1, 0, -0.266431, 0, 0.963854, -104.613, 133.164, -266.857)

[node name="ConcreteDebris_12" parent="shipment/assets" instance=ExtResource("12_cbdqt")]
transform = Transform3D(1, 0, 0, 0, 1, 0, 0, 0, 1, -96.7519, 133.164, -255.777)

[node name="ConstructionHangingTarps_01_D2" parent="shipment/assets" instance=ExtResource("13_7yrk5")]
transform = Transform3D(0.011347, 0, -0.579889, 0, 0.58, 0, 0.579889, 0, 0.011347, -73.1151, 140.959, -272.268)

[node name="ConstructionHangingTarps_01_D3" parent="shipment/assets" instance=ExtResource("13_7yrk5")]
transform = Transform3D(0.00934292, 0, -0.579925, 0, 0.58, 0, 0.579925, 0, 0.00934292, -98.2172, 140.621, -254.972)

[node name="FencePerimeter_01_385" parent="shipment/assets" instance=ExtResource("14_siihb")]
transform = Transform3D(-1, 0, 8.74228e-08, 0, 1, 0, -8.74228e-08, 0, -1, -74.7503, 133.315, -237.316)

[node name="Handcart_02" parent="shipment/assets" instance=ExtResource("15_fph2l")]
transform = Transform3D(0.95983, 0, -0.280583, 0, 1, 0, 0.280583, 0, 0.95983, -75.9793, 133.162, -260.138)

[node name="SupplyCase_01_A3" parent="shipment/assets" instance=ExtResource("16_t3o00")]
transform = Transform3D(1.10566, 0, -0.83411, 0, 1.385, 0, 0.83411, 0, 1.10566, -103.891, 133.173, -244.935)

[node name="SupplyCase_01_A5" parent="shipment/assets" instance=ExtResource("16_t3o00")]
transform = Transform3D(1.17577, 0, -0.731967, 0, 1.385, 0, 0.731967, 0, 1.17577, -78.5192, 133.173, -267.239)

[node name="SupplyCase_01_A4" parent="shipment/assets" instance=ExtResource("16_t3o00")]
